# title: Greenland Ice Sheet Gravimetric Mass Balance Gridded Product
# institution: TU Dresden, Chair of Geodetic Earth System Research
# project: Greenland_Ice_Sheet
# source: GRACE/GRACE-FO monthly solutions provided by Center for Space Research (CSR RL06)
# summary: GRACE/GRACE-FO-derived time series of basin-averaged Greenland ice mass changes with respect to the mass as of 2011-01-01 according to a linear, periodic (periods: 1 year, 1/2 year, 161 days) and quadratic model fitted to the monthly solutions in the period 2002-08 - 2016-08
# error_estimates: Provided error estimates solely account for the white noise component. Systematic errors (e.g. errors in the GIA correction) are included in the error estimates of the derived linear trends.
# gia_model: Caron et al. (2018) (http://doi.org/10.1002/2017GL076644)
# regions: Regions 1-8: drainage basins according to Zwally et al. (2012, http://icesat4.gsfc.nasa.gov/cryo_data/ant_grn_drainage_systems.php), 9: Greenland Ice Sheet
# time_coverage_start: 2002-04
# time_coverage_end: 2021-06
# product_version: 3.4
# date_created: 2021-09-06
# contact: martin.horwath@tu-dresden.de
#
# regions: GIS01 GIS02 GIS03 GIS04 GIS05 GIS06 GIS07 GIS08 GIS09 
# time [decimal year], time [modified julian date], dm region1 [kg], sigma dm region1 [kg], ...
2002.293 52382.0  1.8446e+14  7.4930e+12  7.0146e+13  9.8886e+12  4.3469e+14  1.7649e+13  3.4702e+14  1.8481e+13  1.6753e+14  8.2852e+12  2.4372e+14  1.9500e+13  2.2278e+14  1.2431e+13  3.7618e+14  9.3015e+12  2.0465e+15  4.5556e+13
2002.355 52404.5  1.8674e+14  7.4930e+12  8.1113e+13  9.8886e+12  4.1689e+14  1.7649e+13  3.4750e+14  1.8481e+13  1.8247e+14  8.2852e+12  2.3670e+14  1.9500e+13  2.3653e+14  1.2431e+13  3.9726e+14  9.3015e+12  2.0852e+15  4.5556e+13
2002.623 52502.5  1.6012e+14  7.4930e+12  4.1388e+13  9.8886e+12  3.2382e+14  1.7649e+13  2.9272e+14  1.8481e+13  1.5727e+14  8.2852e+12  2.0325e+14  1.9500e+13  2.0910e+14  1.2431e+13  3.6892e+14  9.3015e+12  1.7566e+15  4.5556e+13
2002.706 52533.0  1.3250e+14  7.4930e+12  6.6599e+13  9.8886e+12  3.2337e+14  1.7649e+13  2.6473e+14  1.8481e+13  1.6229e+14  8.2852e+12  2.0764e+14  1.9500e+13  1.9615e+14  1.2431e+13  3.3731e+14  9.3015e+12  1.6906e+15  4.5556e+13
2002.790 52563.5  1.5505e+14  7.4930e+12  4.7952e+13  9.8886e+12  3.9547e+14  1.7649e+13  2.8613e+14  1.8481e+13  1.5482e+14  8.2852e+12  2.2187e+14  1.9500e+13  1.8761e+14  1.2431e+13  3.5878e+14  9.3015e+12  1.8077e+15  4.5556e+13
2002.873 52594.0  1.6840e+14  7.4930e+12  5.8970e+13  9.8886e+12  3.6842e+14  1.7649e+13  2.6294e+14  1.8481e+13  1.5844e+14  8.2852e+12  2.6909e+14  1.9500e+13  2.2601e+14  1.2431e+13  3.6764e+14  9.3015e+12  1.8799e+15  4.5556e+13
2002.957 52624.5  1.6771e+14  7.4930e+12  5.7864e+13  9.8886e+12  3.7247e+14  1.7649e+13  3.5715e+14  1.8481e+13  1.6541e+14  8.2852e+12  1.9627e+14  1.9500e+13  1.9793e+14  1.2431e+13  3.5584e+14  9.3015e+12  1.8706e+15  4.5556e+13
2003.042 52655.5  1.6664e+14  7.4930e+12  5.8417e+13  9.8886e+12  3.5156e+14  1.7649e+13  3.4255e+14  1.8481e+13  1.6184e+14  8.2852e+12  2.1628e+14  1.9500e+13  2.5057e+14  1.2431e+13  3.4737e+14  9.3015e+12  1.8952e+15  4.5556e+13
2003.123 52685.0  1.5430e+14  7.4930e+12  6.6922e+13  9.8886e+12  4.0861e+14  1.7649e+13  3.7291e+14  1.8481e+13  1.7219e+14  8.2852e+12  1.9421e+14  1.9500e+13  1.7301e+14  1.2431e+13  3.3187e+14  9.3015e+12  1.8740e+15  4.5556e+13
2003.204 52714.5  1.7018e+14  7.4930e+12  3.9635e+13  9.8886e+12  4.3988e+14  1.7649e+13  3.3594e+14  1.8481e+13  1.7717e+14  8.2852e+12  2.5623e+14  1.9500e+13  2.1303e+14  1.2431e+13  3.4876e+14  9.3015e+12  1.9808e+15  4.5556e+13
2003.287 52745.0  1.6346e+14  7.4930e+12  5.8077e+13  9.8886e+12  4.3995e+14  1.7649e+13  3.8423e+14  1.8481e+13  1.9303e+14  8.2852e+12  2.3874e+14  1.9500e+13  2.1424e+14  1.2431e+13  3.3399e+14  9.3015e+12  2.0257e+15  4.5556e+13
2003.357 52770.5  1.6370e+14  7.4930e+12  5.5809e+13  9.8886e+12  4.8034e+14  1.7649e+13  3.6328e+14  1.8481e+13  1.9212e+14  8.2852e+12  2.5354e+14  1.9500e+13  1.9893e+14  1.2431e+13  3.4201e+14  9.3015e+12  2.0497e+15  4.5556e+13
2003.538 52836.5  1.4235e+14  7.4930e+12  3.0943e+13  9.8886e+12  4.1395e+14  1.7649e+13  3.4003e+14  1.8481e+13  1.6857e+14  8.2852e+12  2.1400e+14  1.9500e+13  1.7298e+14  1.2431e+13  3.1367e+14  9.3015e+12  1.7965e+15  4.5556e+13
2003.623 52867.5  1.2831e+14  7.4930e+12  1.0762e+13  9.8886e+12  3.8633e+14  1.7649e+13  3.3600e+14  1.8481e+13  1.4753e+14  8.2852e+12  1.8395e+14  1.9500e+13  1.7663e+14  1.2431e+13  3.2867e+14  9.3015e+12  1.6982e+15  4.5556e+13
2003.706 52898.0  1.2996e+14  7.4930e+12  2.3104e+13  9.8886e+12  3.6144e+14  1.7649e+13  3.3397e+14  1.8481e+13  1.3890e+14  8.2852e+12  1.7378e+14  1.9500e+13  1.8698e+14  1.2431e+13  3.3753e+14  9.3015e+12  1.6857e+15  4.5556e+13
2003.790 52928.5  1.3481e+14  7.4930e+12  1.7104e+13  9.8886e+12  3.4910e+14  1.7649e+13  3.2295e+14  1.8481e+13  1.4867e+14  8.2852e+12  1.8452e+14  1.9500e+13  2.0810e+14  1.2431e+13  3.4108e+14  9.3015e+12  1.7064e+15  4.5556e+13
2003.873 52959.0  1.2737e+14  7.4930e+12  4.1032e+13  9.8886e+12  3.6338e+14  1.7649e+13  3.2729e+14  1.8481e+13  1.3993e+14  8.2852e+12  1.5900e+14  1.9500e+13  1.6152e+14  1.2431e+13  3.2554e+14  9.3015e+12  1.6451e+15  4.5556e+13
2003.957 52989.5  1.3501e+14  7.4930e+12  1.2018e+13  9.8886e+12  3.6534e+14  1.7649e+13  3.3334e+14  1.8481e+13  1.4655e+14  8.2852e+12  1.6769e+14  1.9500e+13  1.7286e+14  1.2431e+13  3.4079e+14  9.3015e+12  1.6736e+15  4.5556e+13
2004.018 53011.5  1.3673e+14  7.4930e+12  2.0546e+13  9.8886e+12  3.8105e+14  1.7649e+13  3.3332e+14  1.8481e+13  1.4543e+14  8.2852e+12  1.8597e+14  1.9500e+13  1.6659e+14  1.2431e+13  3.3178e+14  9.3015e+12  1.7014e+15  4.5556e+13
2004.129 53052.0  1.3437e+14  7.4930e+12  3.0615e+13  9.8886e+12  3.5693e+14  1.7649e+13  3.4178e+14  1.8481e+13  1.5756e+14  8.2852e+12  1.9011e+14  1.9500e+13  1.8972e+14  1.2431e+13  3.2687e+14  9.3015e+12  1.7280e+15  4.5556e+13
2004.207 53080.5  1.3395e+14  7.4930e+12  2.1649e+13  9.8886e+12  3.8821e+14  1.7649e+13  3.3369e+14  1.8481e+13  1.4752e+14  8.2852e+12  2.1224e+14  1.9500e+13  1.8708e+14  1.2431e+13  3.2058e+14  9.3015e+12  1.7449e+15  4.5556e+13
2004.290 53111.0  1.3427e+14  7.4930e+12  2.7947e+13  9.8886e+12  4.1507e+14  1.7649e+13  3.1507e+14  1.8481e+13  1.5082e+14  8.2852e+12  2.3115e+14  1.9500e+13  1.7941e+14  1.2431e+13  3.1895e+14  9.3015e+12  1.7727e+15  4.5556e+13
2004.374 53141.5  1.2602e+14  7.4930e+12  1.2634e+13  9.8886e+12  3.8883e+14  1.7649e+13  3.4109e+14  1.8481e+13  1.5587e+14  8.2852e+12  2.1292e+14  1.9500e+13  1.8415e+14  1.2431e+13  3.0329e+14  9.3015e+12  1.7248e+15  4.5556e+13
2004.457 53172.0  1.4063e+14  7.4930e+12  1.7006e+13  9.8886e+12  3.8306e+14  1.7649e+13  3.3494e+14  1.8481e+13  1.6562e+14  8.2852e+12  2.0423e+14  1.9500e+13  1.8544e+14  1.2431e+13  3.1205e+14  9.3015e+12  1.7430e+15  4.5556e+13
2004.541 53202.5  1.2431e+14  7.4930e+12  3.7040e+13  9.8886e+12  3.5510e+14  1.7649e+13  3.2029e+14  1.8481e+13  1.4803e+14  8.2852e+12  2.0405e+14  1.9500e+13  1.7084e+14  1.2431e+13  2.9736e+14  9.3015e+12  1.6570e+15  4.5556e+13
2004.626 53233.5  1.0468e+14  7.4930e+12  2.7614e+13  9.8886e+12  3.1895e+14  1.7649e+13  3.3020e+14  1.8481e+13  1.3000e+14  8.2852e+12  1.6981e+14  1.9500e+13  1.7592e+14  1.2431e+13  2.8927e+14  9.3015e+12  1.5464e+15  4.5556e+13
2004.709 53264.0  1.1181e+14  7.4930e+12  3.0382e+13  9.8886e+12  3.2006e+14  1.7649e+13  2.8825e+14  1.8481e+13  1.4141e+14  8.2852e+12  1.5888e+14  1.9500e+13  1.6680e+14  1.2431e+13  2.9665e+14  9.3015e+12  1.5142e+15  4.5556e+13
2004.793 53294.5  1.1028e+14  7.4930e+12  2.6654e+12  9.8886e+12  3.3334e+14  1.7649e+13  2.5865e+14  1.8481e+13  1.2080e+14  8.2852e+12  1.5217e+14  1.9500e+13  1.4904e+14  1.2431e+13  2.9755e+14  9.3015e+12  1.4245e+15  4.5556e+13
2004.876 53325.0  1.1676e+14  7.4930e+12  2.9041e+12  9.8886e+12  2.9604e+14  1.7649e+13  2.6706e+14  1.8481e+13  1.2392e+14  8.2852e+12  1.7231e+14  1.9500e+13  1.8304e+14  1.2431e+13  3.1741e+14  9.3015e+12  1.4794e+15  4.5556e+13
2004.960 53355.5  1.2861e+14  7.4930e+12  4.9894e+12  9.8886e+12  3.4328e+14  1.7649e+13  2.5256e+14  1.8481e+13  1.3286e+14  8.2852e+12  1.9912e+14  1.9500e+13  1.7315e+14  1.2431e+13  3.2940e+14  9.3015e+12  1.5640e+15  4.5556e+13
2005.042 53386.5  1.2565e+14  7.4930e+12  1.8696e+13  9.8886e+12  3.1256e+14  1.7649e+13  2.7676e+14  1.8481e+13  1.4040e+14  8.2852e+12  1.9266e+14  1.9500e+13  1.8213e+14  1.2431e+13  3.1558e+14  9.3015e+12  1.5645e+15  4.5556e+13
2005.123 53416.0  1.2140e+14  7.4930e+12  1.8948e+13  9.8886e+12  3.1880e+14  1.7649e+13  2.4067e+14  1.8481e+13  1.5774e+14  8.2852e+12  2.2893e+14  1.9500e+13  1.8710e+14  1.2431e+13  3.0981e+14  9.3015e+12  1.5834e+15  4.5556e+13
2005.204 53445.5  1.2441e+14  7.4930e+12  9.2853e+12  9.8886e+12  3.1380e+14  1.7649e+13  2.6582e+14  1.8481e+13  1.5167e+14  8.2852e+12  1.9730e+14  1.9500e+13  2.0299e+14  1.2431e+13  3.1730e+14  9.3015e+12  1.5826e+15  4.5556e+13
2005.287 53476.0  1.2343e+14  7.4930e+12 -2.4914e+12  9.8886e+12  3.2693e+14  1.7649e+13  2.3114e+14  1.8481e+13  1.6711e+14  8.2852e+12  2.3581e+14  1.9500e+13  2.0360e+14  1.2431e+13  3.2311e+14  9.3015e+12  1.6086e+15  4.5556e+13
2005.371 53506.5  1.3030e+14  7.4930e+12  9.8449e+12  9.8886e+12  3.3110e+14  1.7649e+13  2.6277e+14  1.8481e+13  1.4776e+14  8.2852e+12  2.2904e+14  1.9500e+13  1.9082e+14  1.2431e+13  3.2721e+14  9.3015e+12  1.6289e+15  4.5556e+13
2005.455 53537.0  1.2234e+14  7.4930e+12  3.0361e+13  9.8886e+12  3.1191e+14  1.7649e+13  2.5580e+14  1.8481e+13  1.5664e+14  8.2852e+12  2.3807e+14  1.9500e+13  1.9476e+14  1.2431e+13  3.2238e+14  9.3015e+12  1.6323e+15  4.5556e+13
2005.538 53567.5  1.0027e+14  7.4930e+12  1.7257e+13  9.8886e+12  2.9340e+14  1.7649e+13  2.2203e+14  1.8481e+13  1.4186e+14  8.2852e+12  2.3423e+14  1.9500e+13  1.8420e+14  1.2431e+13  3.1368e+14  9.3015e+12  1.5069e+15  4.5556e+13
2005.623 53598.5  8.4016e+13  7.4930e+12 -1.6111e+12  9.8886e+12  2.3690e+14  1.7649e+13  2.0688e+14  1.8481e+13  1.1718e+14  8.2852e+12  1.8511e+14  1.9500e+13  1.6300e+14  1.2431e+13  2.8692e+14  9.3015e+12  1.2784e+15  4.5556e+13
2005.706 53629.0  8.5281e+13  7.4930e+12  3.8211e+09  9.8886e+12  2.0280e+14  1.7649e+13  2.1010e+14  1.8481e+13  1.0042e+14  8.2852e+12  1.6192e+14  1.9500e+13  1.4689e+14  1.2431e+13  2.7281e+14  9.3015e+12  1.1802e+15  4.5556e+13
2005.790 53659.5  9.6030e+13  7.4930e+12 -1.6281e+13  9.8886e+12  2.0515e+14  1.7649e+13  1.9029e+14  1.8481e+13  9.7294e+13  8.2852e+12  1.8909e+14  1.9500e+13  1.5898e+14  1.2431e+13  2.8804e+14  9.3015e+12  1.2086e+15  4.5556e+13
2005.873 53690.0  8.6158e+13  7.4930e+12  9.0831e+12  9.8886e+12  2.1361e+14  1.7649e+13  1.9388e+14  1.8481e+13  1.1125e+14  8.2852e+12  1.9840e+14  1.9500e+13  1.6444e+14  1.2431e+13  2.7975e+14  9.3015e+12  1.2566e+15  4.5556e+13
2005.957 53720.5  1.1029e+14  7.4930e+12 -4.6091e+12  9.8886e+12  2.4921e+14  1.7649e+13  2.4989e+14  1.8481e+13  9.3173e+13  8.2852e+12  1.6670e+14  1.9500e+13  1.5299e+14  1.2431e+13  2.8881e+14  9.3015e+12  1.3064e+15  4.5556e+13
2006.042 53751.5  9.8036e+13  7.4930e+12  2.5722e+13  9.8886e+12  2.2942e+14  1.7649e+13  2.1425e+14  1.8481e+13  1.1109e+14  8.2852e+12  1.7920e+14  1.9500e+13  1.4142e+14  1.2431e+13  2.6870e+14  9.3015e+12  1.2678e+15  4.5556e+13
2006.123 53781.0  8.4151e+13  7.4930e+12  2.1760e+13  9.8886e+12  2.5005e+14  1.7649e+13  1.8089e+14  1.8481e+13  1.1232e+14  8.2852e+12  2.0867e+14  1.9500e+13  1.5173e+14  1.2431e+13  2.6725e+14  9.3015e+12  1.2768e+15  4.5556e+13
2006.204 53810.5  9.2541e+13  7.4930e+12  2.7301e+13  9.8886e+12  2.5421e+14  1.7649e+13  2.0856e+14  1.8481e+13  1.2293e+14  8.2852e+12  1.8943e+14  1.9500e+13  1.5296e+14  1.2431e+13  2.6203e+14  9.3015e+12  1.3100e+15  4.5556e+13
2006.287 53841.0  9.4306e+13  7.4930e+12  2.2674e+13  9.8886e+12  2.6227e+14  1.7649e+13  1.9623e+14  1.8481e+13  1.1451e+14  8.2852e+12  2.1868e+14  1.9500e+13  1.6005e+14  1.2431e+13  2.6351e+14  9.3015e+12  1.3322e+15  4.5556e+13
2006.371 53871.5  9.6958e+13  7.4930e+12  3.0603e+13  9.8886e+12  2.5691e+14  1.7649e+13  2.0045e+14  1.8481e+13  1.2635e+14  8.2852e+12  2.2770e+14  1.9500e+13  1.5768e+14  1.2431e+13  2.5767e+14  9.3015e+12  1.3543e+15  4.5556e+13
2006.455 53902.0  1.0666e+14  7.4930e+12  3.7848e+13  9.8886e+12  2.3641e+14  1.7649e+13  1.6637e+14  1.8481e+13  1.3346e+14  8.2852e+12  2.4095e+14  1.9500e+13  1.7121e+14  1.2431e+13  2.5270e+14  9.3015e+12  1.3456e+15  4.5556e+13
2006.538 53932.5  9.6457e+13  7.4930e+12  3.7147e+13  9.8886e+12  2.2786e+14  1.7649e+13  1.6741e+14  1.8481e+13  1.0284e+14  8.2852e+12  2.0248e+14  1.9500e+13  1.4003e+14  1.2431e+13  2.4812e+14  9.3015e+12  1.2223e+15  4.5556e+13
2006.623 53963.5  8.7514e+13  7.4930e+12  2.7638e+13  9.8886e+12  1.9335e+14  1.7649e+13  1.5061e+14  1.8481e+13  8.5871e+13  8.2852e+12  1.7159e+14  1.9500e+13  1.3162e+14  1.2431e+13  2.2861e+14  9.3015e+12  1.0768e+15  4.5556e+13
2006.706 53994.0  9.2135e+13  7.4930e+12  1.7620e+13  9.8886e+12  1.7493e+14  1.7649e+13  1.3500e+14  1.8481e+13  9.8741e+13  8.2852e+12  1.7214e+14  1.9500e+13  1.4080e+14  1.2431e+13  2.3150e+14  9.3015e+12  1.0629e+15  4.5556e+13
2006.790 54024.5  9.6151e+13  7.4930e+12  2.8277e+13  9.8886e+12  1.9120e+14  1.7649e+13  1.5378e+14  1.8481e+13  7.6406e+13  8.2852e+12  1.6084e+14  1.9500e+13  1.2936e+14  1.2431e+13  2.3679e+14  9.3015e+12  1.0728e+15  4.5556e+13
2006.873 54055.0  1.0355e+14  7.4930e+12  3.7322e+13  9.8886e+12  1.6750e+14  1.7649e+13  1.2708e+14  1.8481e+13  9.5365e+13  8.2852e+12  1.8833e+14  1.9500e+13  1.4012e+14  1.2431e+13  2.3210e+14  9.3015e+12  1.0914e+15  4.5556e+13
2006.957 54085.5  1.1123e+14  7.4930e+12  2.7597e+13  9.8886e+12  1.4168e+14  1.7649e+13  1.2693e+14  1.8481e+13  8.8200e+13  8.2852e+12  1.8418e+14  1.9500e+13  1.4342e+14  1.2431e+13  2.2709e+14  9.3015e+12  1.0503e+15  4.5556e+13
2007.042 54116.5  1.0054e+14  7.4930e+12  3.2601e+13  9.8886e+12  1.7714e+14  1.7649e+13  1.3028e+14  1.8481e+13  8.5928e+13  8.2852e+12  1.7760e+14  1.9500e+13  1.3976e+14  1.2431e+13  2.1778e+14  9.3015e+12  1.0616e+15  4.5556e+13
2007.122 54145.5  1.0610e+14  7.4930e+12  3.2387e+13  9.8886e+12  1.8221e+14  1.7649e+13  1.6887e+14  1.8481e+13  8.9266e+13  8.2852e+12  1.5372e+14  1.9500e+13  1.2853e+14  1.2431e+13  2.3659e+14  9.3015e+12  1.0977e+15  4.5556e+13
2007.204 54175.5  1.0646e+14  7.4930e+12  5.3046e+13  9.8886e+12  1.8508e+14  1.7649e+13  1.6599e+14  1.8481e+13  1.0517e+14  8.2852e+12  1.7342e+14  1.9500e+13  1.2460e+14  1.2431e+13  2.1817e+14  9.3015e+12  1.1319e+15  4.5556e+13
2007.287 54206.0  1.1573e+14  7.4930e+12  3.0494e+13  9.8886e+12  2.1118e+14  1.7649e+13  1.6099e+14  1.8481e+13  1.0186e+14  8.2852e+12  1.8733e+14  1.9500e+13  1.2129e+14  1.2431e+13  2.1780e+14  9.3015e+12  1.1467e+15  4.5556e+13
2007.371 54236.5  1.0700e+14  7.4930e+12  4.9176e+13  9.8886e+12  1.7628e+14  1.7649e+13  1.7588e+14  1.8481e+13  1.0602e+14  8.2852e+12  1.7488e+14  1.9500e+13  1.3289e+14  1.2431e+13  2.0542e+14  9.3015e+12  1.1275e+15  4.5556e+13
2007.455 54267.0  1.0740e+14  7.4930e+12  3.4207e+13  9.8886e+12  1.8272e+14  1.7649e+13  1.8377e+14  1.8481e+13  9.8510e+13  8.2852e+12  1.4466e+14  1.9500e+13  1.2209e+14  1.2431e+13  2.0961e+14  9.3015e+12  1.0830e+15  4.5556e+13
2007.538 54297.5  1.0131e+14  7.4930e+12  2.4925e+13  9.8886e+12  1.5618e+14  1.7649e+13  1.3324e+14  1.8481e+13  8.2538e+13  8.2852e+12  1.3902e+14  1.9500e+13  1.0149e+14  1.2431e+13  1.9753e+14  9.3015e+12  9.3623e+14  4.5556e+13
2007.623 54328.5  8.5481e+13  7.4930e+12  4.1259e+13  9.8886e+12  9.1474e+13  1.7649e+13  1.2046e+14  1.8481e+13  8.2942e+13  8.2852e+12  1.1464e+14  1.9500e+13  1.0046e+14  1.2431e+13  1.7745e+14  9.3015e+12  8.1417e+14  4.5556e+13
2007.706 54359.0  9.2704e+13  7.4930e+12  2.9935e+13  9.8886e+12  7.1458e+13  1.7649e+13  1.0484e+14  1.8481e+13  6.9771e+13  8.2852e+12  1.2499e+14  1.9500e+13  9.9093e+13  1.2431e+13  1.6496e+14  9.3015e+12  7.5775e+14  4.5556e+13
2007.790 54389.5  8.9298e+13  7.4930e+12  2.1574e+13  9.8886e+12  8.8468e+13  1.7649e+13  1.0649e+14  1.8481e+13  5.4585e+13  8.2852e+12  1.0693e+14  1.9500e+13  8.5980e+13  1.2431e+13  1.6226e+14  9.3015e+12  7.1558e+14  4.5556e+13
2007.873 54420.0  8.1467e+13  7.4930e+12  1.5043e+13  9.8886e+12  7.5982e+13  1.7649e+13  1.3035e+14  1.8481e+13  6.2008e+13  8.2852e+12  9.2867e+13  1.9500e+13  9.4006e+13  1.2431e+13  1.5579e+14  9.3015e+12  7.0751e+14  4.5556e+13
2007.957 54450.5  9.1135e+13  7.4930e+12  1.7931e+13  9.8886e+12  7.8704e+13  1.7649e+13  1.2782e+14  1.8481e+13  7.9097e+13  8.2852e+12  1.0182e+14  1.9500e+13  9.9458e+13  1.2431e+13  1.6795e+14  9.3015e+12  7.6392e+14  4.5556e+13
2008.042 54481.5  9.5382e+13  7.4930e+12  2.0672e+13  9.8886e+12  1.1154e+14  1.7649e+13  1.2055e+14  1.8481e+13  7.4213e+13  8.2852e+12  1.3474e+14  1.9500e+13  1.0089e+14  1.2431e+13  1.5975e+14  9.3015e+12  8.1773e+14  4.5556e+13
2008.125 54511.5  9.3045e+13  7.4930e+12  3.6356e+13  9.8886e+12  1.2339e+14  1.7649e+13  1.2938e+14  1.8481e+13  8.9970e+13  8.2852e+12  1.3564e+14  1.9500e+13  9.7664e+13  1.2431e+13  1.6833e+14  9.3015e+12  8.7377e+14  4.5556e+13
2008.207 54541.5  9.7753e+13  7.4930e+12  3.0412e+13  9.8886e+12  1.5363e+14  1.7649e+13  1.6086e+14  1.8481e+13  7.1694e+13  8.2852e+12  1.1496e+14  1.9500e+13  9.3801e+13  1.2431e+13  1.7465e+14  9.3015e+12  8.9776e+14  4.5556e+13
2008.290 54572.0  8.8490e+13  7.4930e+12  4.3090e+13  9.8886e+12  1.3972e+14  1.7649e+13  1.2799e+14  1.8481e+13  8.6383e+13  8.2852e+12  1.3693e+14  1.9500e+13  8.8203e+13  1.2431e+13  1.4751e+14  9.3015e+12  8.5832e+14  4.5556e+13
2008.374 54602.5  7.4378e+13  7.4930e+12  5.2842e+13  9.8886e+12  1.5166e+14  1.7649e+13  1.2092e+14  1.8481e+13  8.3401e+13  8.2852e+12  1.1129e+14  1.9500e+13  8.2649e+13  1.2431e+13  1.3072e+14  9.3015e+12  8.0785e+14  4.5556e+13
2008.457 54633.0  7.8744e+13  7.4930e+12  3.8551e+13  9.8886e+12  1.6214e+14  1.7649e+13  1.0510e+14  1.8481e+13  7.6327e+13  8.2852e+12  1.3943e+14  1.9500e+13  8.4947e+13  1.2431e+13  1.3810e+14  9.3015e+12  8.2333e+14  4.5556e+13
2008.541 54663.5  6.1954e+13  7.4930e+12  1.5532e+13  9.8886e+12  1.2555e+14  1.7649e+13  1.1662e+14  1.8481e+13  6.8254e+13  8.2852e+12  1.0718e+14  1.9500e+13  8.7381e+13  1.2431e+13  1.3829e+14  9.3015e+12  7.2077e+14  4.5556e+13
2008.626 54694.5  3.6801e+13  7.4930e+12  1.4281e+13  9.8886e+12  1.0175e+14  1.7649e+13  8.4706e+13  1.8481e+13  4.0776e+13  8.2852e+12  8.0613e+13  1.9500e+13  6.7933e+13  1.2431e+13  1.1943e+14  9.3015e+12  5.4629e+14  4.5556e+13
2008.709 54725.0  3.1300e+13  7.4930e+12 -5.3741e+12  9.8886e+12  1.0670e+14  1.7649e+13  6.5896e+13  1.8481e+13  2.9273e+13  8.2852e+12  6.7800e+13  1.9500e+13  6.0539e+13  1.2431e+13  1.1436e+14  9.3015e+12  4.7050e+14  4.5556e+13
2008.793 54755.5  2.7106e+13  7.4930e+12  1.0506e+13  9.8886e+12  9.2940e+13  1.7649e+13  7.2145e+13  1.8481e+13  3.2668e+13  8.2852e+12  5.8485e+13  1.9500e+13  6.7255e+13  1.2431e+13  9.5335e+13  9.3015e+12  4.5644e+14  4.5556e+13
2008.876 54786.0  3.0827e+13  7.4930e+12  2.5014e+13  9.8886e+12  1.1259e+14  1.7649e+13  6.3372e+13  1.8481e+13  4.1118e+13  8.2852e+12  1.0434e+14  1.9500e+13  7.2238e+13  1.2431e+13  9.7773e+13  9.3015e+12  5.4728e+14  4.5556e+13
2008.960 54816.5  3.7326e+13  7.4930e+12  2.2438e+13  9.8886e+12  1.2344e+14  1.7649e+13  1.4134e+14  1.8481e+13  3.3033e+13  8.2852e+12  8.8684e+13  1.9500e+13  7.7122e+13  1.2431e+13  1.0820e+14  9.3015e+12  6.3159e+14  4.5556e+13
2009.042 54847.5  4.3021e+13  7.4930e+12  1.6389e+13  9.8886e+12  1.4841e+14  1.7649e+13  8.9692e+13  1.8481e+13  6.2063e+13  8.2852e+12  1.3149e+14  1.9500e+13  9.9074e+13  1.2431e+13  1.2011e+14  9.3015e+12  7.1025e+14  4.5556e+13
2009.123 54877.0  3.3708e+13  7.4930e+12  6.9701e+11  9.8886e+12  1.1215e+14  1.7649e+13  1.1836e+14  1.8481e+13  5.3258e+13  8.2852e+12  1.1310e+14  1.9500e+13  9.2497e+13  1.2431e+13  9.8018e+13  9.3015e+12  6.2179e+14  4.5556e+13
2009.204 54906.5  2.6342e+13  7.4930e+12  1.5609e+13  9.8886e+12  1.3077e+14  1.7649e+13  1.1210e+14  1.8481e+13  6.3518e+13  8.2852e+12  9.7101e+13  1.9500e+13  6.7133e+13  1.2431e+13  8.4732e+13  9.3015e+12  5.9731e+14  4.5556e+13
2009.287 54937.0  3.0727e+13  7.4930e+12  9.9586e+12  9.8886e+12  1.1782e+14  1.7649e+13  9.6701e+13  1.8481e+13  5.9685e+13  8.2852e+12  1.1442e+14  1.9500e+13  7.0461e+13  1.2431e+13  9.1097e+13  9.3015e+12  5.9087e+14  4.5556e+13
2009.371 54967.5  3.3842e+13  7.4930e+12  1.0784e+13  9.8886e+12  1.5535e+14  1.7649e+13  9.6750e+13  1.8481e+13  7.1239e+13  8.2852e+12  1.4824e+14  1.9500e+13  7.2841e+13  1.2431e+13  7.7446e+13  9.3015e+12  6.6649e+14  4.5556e+13
2009.455 54998.0  4.8472e+13  7.4930e+12  5.0507e+12  9.8886e+12  1.3746e+14  1.7649e+13  8.7529e+13  1.8481e+13  7.5384e+13  8.2852e+12  1.4677e+14  1.9500e+13  7.6818e+13  1.2431e+13  9.7389e+13  9.3015e+12  6.7487e+14  4.5556e+13
2009.538 55028.5  3.3714e+13  7.4930e+12  1.5439e+13  9.8886e+12  1.4376e+14  1.7649e+13  1.1727e+14  1.8481e+13  5.0047e+13  8.2852e+12  9.3946e+13  1.9500e+13  4.0654e+13  1.2431e+13  8.1791e+13  9.3015e+12  5.7662e+14  4.5556e+13
2009.623 55059.5  3.0101e+12  7.4930e+12 -3.2459e+12  9.8886e+12  7.1944e+13  1.7649e+13  5.6017e+13  1.8481e+13  3.1108e+13  8.2852e+12  8.3323e+13  1.9500e+13  3.6871e+13  1.2431e+13  3.5509e+13  9.3015e+12  3.1454e+14  4.5556e+13
2009.706 55090.0  3.2759e+12  7.4930e+12 -9.4342e+11  9.8886e+12  4.6761e+13  1.7649e+13  5.1571e+13  1.8481e+13  3.7925e+13  8.2852e+12  6.0117e+13  1.9500e+13  3.8806e+13  1.2431e+13  3.8311e+13  9.3015e+12  2.7582e+14  4.5556e+13
2009.790 55120.5  8.0248e+12  7.4930e+12  1.0105e+12  9.8886e+12  8.0951e+13  1.7649e+13  4.1802e+13  1.8481e+13  3.9537e+13  8.2852e+12  8.1573e+13  1.9500e+13  4.6974e+13  1.2431e+13  4.1031e+13  9.3015e+12  3.4090e+14  4.5556e+13
2009.873 55151.0  1.7277e+12  7.4930e+12  2.5354e+13  9.8886e+12  1.1450e+14  1.7649e+13  6.3497e+13  1.8481e+13  3.1572e+13  8.2852e+12  5.5908e+13  1.9500e+13  2.9251e+13  1.2431e+13  2.4624e+13  9.3015e+12  3.4644e+14  4.5556e+13
2009.957 55181.5  1.4450e+13  7.4930e+12  1.5625e+13  9.8886e+12  1.0520e+14  1.7649e+13  9.3590e+13  1.8481e+13  3.8933e+13  8.2852e+12  6.7870e+13  1.9500e+13  2.4304e+13  1.2431e+13  3.5472e+13  9.3015e+12  3.9544e+14  4.5556e+13
2010.042 55212.5  5.1086e+12  7.4930e+12  9.1155e+12  9.8886e+12  7.5509e+13  1.7649e+13  9.7072e+13  1.8481e+13  3.8069e+13  8.2852e+12  6.3884e+13  1.9500e+13  4.7824e+13  1.2431e+13  4.5287e+13  9.3015e+12  3.8187e+14  4.5556e+13
2010.123 55242.0 -7.7434e+11  7.4930e+12 -3.4917e+12  9.8886e+12  1.0285e+14  1.7649e+13  6.3502e+13  1.8481e+13  5.6966e+13  8.2852e+12  7.4289e+13  1.9500e+13  2.3666e+13  1.2431e+13  3.6710e+13  9.3015e+12  3.5372e+14  4.5556e+13
2010.204 55271.5  3.4160e+12  7.4930e+12  1.4928e+12  9.8886e+12  7.9112e+13  1.7649e+13  8.6477e+13  1.8481e+13  5.8150e+13  8.2852e+12  8.7348e+13  1.9500e+13  6.0976e+13  1.2431e+13  2.7425e+13  9.3015e+12  4.0440e+14  4.5556e+13
2010.287 55302.0  2.2654e+12  7.4930e+12  1.0187e+13  9.8886e+12  1.1500e+14  1.7649e+13  7.4536e+13  1.8481e+13  6.0394e+13  8.2852e+12  9.8451e+13  1.9500e+13  4.0604e+13  1.2431e+13  2.3426e+13  9.3015e+12  4.2486e+14  4.5556e+13
2010.371 55332.5  1.9501e+13  7.4930e+12 -5.5673e+12  9.8886e+12  7.3719e+13  1.7649e+13  1.0012e+14  1.8481e+13  5.4505e+13  8.2852e+12  9.4004e+13  1.9500e+13  6.6305e+13  1.2431e+13  3.5791e+13  9.3015e+12  4.3838e+14  4.5556e+13
2010.455 55363.0  1.8903e+13  7.4930e+12  1.3745e+12  9.8886e+12  7.4509e+13  1.7649e+13  9.2785e+13  1.8481e+13  4.5574e+13  8.2852e+12  5.9719e+13  1.9500e+13  1.8324e+13  1.2431e+13  1.6358e+13  9.3015e+12  3.2755e+14  4.5556e+13
2010.538 55393.5 -1.9851e+13  7.4930e+12 -1.6692e+12  9.8886e+12  5.7231e+13  1.7649e+13  2.6860e+13  1.8481e+13  1.8498e+13  8.2852e+12  2.7094e+13  1.9500e+13  5.2703e+10  1.2431e+13 -7.5279e+12  9.3015e+12  1.0069e+14  4.5556e+13
2010.623 55424.5 -2.5750e+13  7.4930e+12 -2.1338e+13  9.8886e+12 -3.6664e+12  1.7649e+13  1.8231e+13  1.8481e+13  6.3958e+11  8.2852e+12 -9.1844e+12  1.9500e+13 -7.8147e+12  1.2431e+13 -1.5769e+13  9.3015e+12 -6.4651e+13  4.5556e+13
2010.706 55455.0 -2.4653e+13  7.4930e+12 -1.6918e+13  9.8886e+12  3.7385e+12  1.7649e+13  5.8933e+12  1.8481e+13 -2.0989e+13  8.2852e+12 -4.0439e+13  1.9500e+13 -2.0416e+13  1.2431e+13 -1.6058e+13  9.3015e+12 -1.2984e+14  4.5556e+13
2010.790 55485.5 -1.0446e+13  7.4930e+12 -1.9397e+13  9.8886e+12  8.3951e+12  1.7649e+13  1.1636e+13  1.8481e+13 -2.3727e+13  8.2852e+12 -2.2722e+13  1.9500e+13 -4.9657e+12  1.2431e+13 -1.2515e+13  9.3015e+12 -7.3742e+13  4.5556e+13
2010.873 55516.0 -8.9193e+12  7.4930e+12 -5.8337e+12  9.8886e+12  2.1393e+13  1.7649e+13  4.6270e+11  1.8481e+13 -9.2274e+12  8.2852e+12 -3.4508e+13  1.9500e+13 -2.3145e+13  1.2431e+13 -2.0607e+13  9.3015e+12 -8.0385e+13  4.5556e+13
2010.951 55544.5 -1.1820e+13  7.4930e+12  1.4772e+12  9.8886e+12 -1.9828e+13  1.7649e+13  2.0563e+12  1.8481e+13 -1.0964e+13  8.2852e+12 -4.5833e+13  1.9500e+13 -2.1128e+13  1.2431e+13 -7.7046e+12  9.3015e+12 -1.1374e+14  4.5556e+13
2011.133 55610.5 -1.4328e+12  7.4930e+12 -1.5367e+13  9.8886e+12 -2.5962e+12  1.7649e+13  3.0633e+12  1.8481e+13 -3.1122e+11  8.2852e+12  6.0267e+12  1.9500e+13  7.5484e+12  1.2431e+13 -1.7913e+12  9.3015e+12 -4.8599e+12  4.5556e+13
2011.204 55636.5  3.3302e+12  7.4930e+12 -1.1636e+13  9.8886e+12  1.8321e+13  1.7649e+13 -2.8214e+13  1.8481e+13  1.1711e+13  8.2852e+12  2.0887e+13  1.9500e+13  1.9390e+11  1.2431e+13 -1.1895e+13  9.3015e+12  2.6973e+12  4.5556e+13
2011.287 55667.0  2.8012e+12  7.4930e+12 -9.9693e+12  9.8886e+12  1.8448e+13  1.7649e+13  4.4316e+11  1.8481e+13  1.5117e+13  8.2852e+12 -7.8675e+12  1.9500e+13  6.7778e+12  1.2431e+13 -1.2201e+13  9.3015e+12  1.3549e+13  4.5556e+13
2011.371 55697.5 -3.9050e+12  7.4930e+12 -3.5797e+12  9.8886e+12  1.1754e+13  1.7649e+13  1.5292e+13  1.8481e+13  4.3080e+12  8.2852e+12 -3.6027e+13  1.9500e+13 -1.5001e+13  1.2431e+13 -2.0929e+13  9.3015e+12 -4.8088e+13  4.5556e+13
2011.543 55760.5 -2.7694e+13  7.4930e+12 -3.2506e+11  9.8886e+12 -2.8724e+13  1.7649e+13 -1.0422e+13  1.8481e+13 -1.4097e+13  8.2852e+12 -6.4795e+13  1.9500e+13 -2.5580e+13  1.2431e+13 -5.8257e+13  9.3015e+12 -2.2990e+14  4.5556e+13
2011.623 55789.5 -4.8430e+13  7.4930e+12 -1.3071e+13  9.8886e+12 -4.7715e+13  1.7649e+13 -2.6895e+13  1.8481e+13 -3.3145e+13  8.2852e+12 -9.5864e+13  1.9500e+13 -5.0721e+13  1.2431e+13 -6.0811e+13  9.3015e+12 -3.7665e+14  4.5556e+13
2011.706 55820.0 -4.8543e+13  7.4930e+12 -1.1624e+13  9.8886e+12 -6.1535e+13  1.7649e+13 -2.7192e+13  1.8481e+13 -4.1965e+13  8.2852e+12 -1.0871e+14  1.9500e+13 -6.4025e+13  1.2431e+13 -6.7785e+13  9.3015e+12 -4.3137e+14  4.5556e+13
2011.790 55850.5 -5.7169e+13  7.4930e+12 -2.1830e+13  9.8886e+12 -5.1851e+13  1.7649e+13 -7.0649e+13  1.8481e+13 -3.8536e+13  8.2852e+12 -1.0901e+14  1.9500e+13 -6.9150e+13  1.2431e+13 -7.3656e+13  9.3015e+12 -4.9185e+14  4.5556e+13
2011.831 55865.5 -5.3605e+13  7.4930e+12 -2.6450e+13  9.8886e+12 -5.7294e+13  1.7649e+13 -8.3765e+13  1.8481e+13 -2.8401e+13  8.2852e+12 -1.0684e+14  1.9500e+13 -6.6689e+13  1.2431e+13 -6.8672e+13  9.3015e+12 -4.9172e+14  4.5556e+13
2011.988 55923.0 -5.2243e+13  7.4930e+12 -1.1357e+13  9.8886e+12 -3.4978e+13  1.7649e+13 -7.8029e+13  1.8481e+13 -2.3269e+13  8.2852e+12 -8.2323e+13  1.9500e+13 -6.6829e+13  1.2431e+13 -7.7930e+13  9.3015e+12 -4.2696e+14  4.5556e+13
2012.042 55942.5 -5.4124e+13  7.4930e+12 -1.6004e+13  9.8886e+12 -2.5614e+13  1.7649e+13 -4.9752e+13  1.8481e+13 -2.5973e+13  8.2852e+12 -1.0724e+14  1.9500e+13 -6.7420e+13  1.2431e+13 -7.9482e+13  9.3015e+12 -4.2561e+14  4.5556e+13
2012.125 55972.5 -5.3264e+13  7.4930e+12 -8.1569e+12  9.8886e+12 -3.7540e+13  1.7649e+13 -6.5293e+12  1.8481e+13 -2.2394e+13  8.2852e+12 -1.2322e+14  1.9500e+13 -6.6667e+13  1.2431e+13 -8.8088e+13  9.3015e+12 -4.0586e+14  4.5556e+13
2012.207 56002.5 -3.6885e+13  7.4930e+12 -1.5558e+13  9.8886e+12 -1.0504e+13  1.7649e+13 -5.9225e+13  1.8481e+13 -8.7466e+12  8.2852e+12 -8.7067e+13  1.9500e+13 -6.3543e+13  1.2431e+13 -8.8035e+13  9.3015e+12 -3.6956e+14  4.5556e+13
2012.257 56021.0 -3.9443e+13  7.4930e+12 -1.3462e+13  9.8886e+12 -2.9570e+13  1.7649e+13 -5.2169e+13  1.8481e+13  1.5444e+12  8.2852e+12 -8.7066e+13  1.9500e+13 -5.7696e+13  1.2431e+13 -8.9605e+13  9.3015e+12 -3.6747e+14  4.5556e+13
2012.457 56094.0 -5.1604e+13  7.4930e+12  2.2361e+12  9.8886e+12  1.8587e+12  1.7649e+13 -5.9516e+13  1.8481e+13 -2.1792e+13  8.2852e+12 -8.1914e+13  1.9500e+13 -6.5701e+13  1.2431e+13 -1.0402e+14  9.3015e+12 -3.8045e+14  4.5556e+13
2012.541 56124.5 -6.8436e+13  7.4930e+12  1.1472e+12  9.8886e+12 -6.7894e+13  1.7649e+13 -5.0788e+13  1.8481e+13 -3.2095e+13  8.2852e+12 -1.1213e+14  1.9500e+13 -7.5778e+13  1.2431e+13 -1.0204e+14  9.3015e+12 -5.0800e+14  4.5556e+13
2012.626 56155.5 -9.6873e+13  7.4930e+12 -2.2666e+13  9.8886e+12 -1.4303e+14  1.7649e+13 -8.7729e+13  1.8481e+13 -7.2586e+13  8.2852e+12 -2.0991e+14  1.9500e+13 -1.0952e+14  1.2431e+13 -1.3783e+14  9.3015e+12 -8.8014e+14  4.5556e+13
2012.702 56183.5 -1.0221e+14  7.4930e+12 -2.6243e+13  9.8886e+12 -1.5361e+14  1.7649e+13 -1.3989e+14  1.8481e+13 -9.1153e+13  8.2852e+12 -2.3800e+14  1.9500e+13 -1.3389e+14  1.2431e+13 -1.3732e+14  9.3015e+12 -1.0223e+15  4.5556e+13
2012.883 56249.5 -8.9044e+13  7.4930e+12 -3.3844e+13  9.8886e+12 -1.7618e+14  1.7649e+13 -9.4583e+13  1.8481e+13 -8.9180e+13  8.2852e+12 -2.1996e+14  1.9500e+13 -1.0552e+14  1.2431e+13 -1.1694e+14  9.3015e+12 -9.2525e+14  4.5556e+13
2012.960 56277.5 -8.9698e+13  7.4930e+12 -3.3518e+13  9.8886e+12 -1.5840e+14  1.7649e+13 -1.1106e+14  1.8481e+13 -7.6874e+13  8.2852e+12 -1.9434e+14  1.9500e+13 -1.0321e+14  1.2431e+13 -1.2154e+14  9.3015e+12 -8.8863e+14  4.5556e+13
2013.042 56308.5 -8.8434e+13  7.4930e+12 -2.3662e+13  9.8886e+12 -1.4997e+14  1.7649e+13 -8.6954e+13  1.8481e+13 -6.7828e+13  8.2852e+12 -2.0011e+14  1.9500e+13 -1.1622e+14  1.2431e+13 -1.3543e+14  9.3015e+12 -8.6861e+14  4.5556e+13
2013.120 56337.0 -9.5870e+13  7.4930e+12 -3.8106e+13  9.8886e+12 -1.5269e+14  1.7649e+13 -1.0024e+14  1.8481e+13 -6.4426e+13  8.2852e+12 -1.8869e+14  1.9500e+13 -1.1285e+14  1.2431e+13 -1.4732e+14  9.3015e+12 -9.0019e+14  4.5556e+13
2013.301 56403.0 -9.5195e+13  7.4930e+12 -1.5960e+13  9.8886e+12 -1.3096e+14  1.7649e+13 -5.5318e+13  1.8481e+13 -6.3795e+13  8.2852e+12 -2.2921e+14  1.9500e+13 -1.3587e+14  1.2431e+13 -1.6282e+14  9.3015e+12 -8.8912e+14  4.5556e+13
2013.371 56428.5 -8.6305e+13  7.4930e+12 -2.3496e+13  9.8886e+12 -1.2312e+14  1.7649e+13 -7.2342e+13  1.8481e+13 -5.5899e+13  8.2852e+12 -1.8102e+14  1.9500e+13 -1.1003e+14  1.2431e+13 -1.4913e+14  9.3015e+12 -8.0134e+14  4.5556e+13
2013.455 56459.0 -7.7808e+13  7.4930e+12 -2.1227e+13  9.8886e+12 -1.3324e+14  1.7649e+13 -9.7599e+13  1.8481e+13 -4.8312e+13  8.2852e+12 -1.4795e+14  1.9500e+13 -9.6030e+13  1.2431e+13 -1.4798e+14  9.3015e+12 -7.7014e+14  4.5556e+13
2013.538 56489.5 -9.3868e+13  7.4930e+12 -4.3088e+13  9.8886e+12 -1.6862e+14  1.7649e+13 -1.0394e+14  1.8481e+13 -5.4582e+13  8.2852e+12 -1.7990e+14  1.9500e+13 -1.3123e+14  1.2431e+13 -1.6854e+14  9.3015e+12 -9.4376e+14  4.5556e+13
2013.790 56581.5 -9.4996e+13  7.4930e+12 -1.8402e+13  9.8886e+12 -1.9839e+14  1.7649e+13 -1.0201e+14  1.8481e+13 -8.3057e+13  8.2852e+12 -2.1310e+14  1.9500e+13 -1.1777e+14  1.2431e+13 -1.5613e+14  9.3015e+12 -9.8386e+14  4.5556e+13
2013.873 56612.0 -8.2548e+13  7.4930e+12 -2.2825e+13  9.8886e+12 -1.9459e+14  1.7649e+13 -1.3786e+14  1.8481e+13 -6.6889e+13  8.2852e+12 -1.8636e+14  1.9500e+13 -1.2349e+14  1.2431e+13 -1.6576e+14  9.3015e+12 -9.8031e+14  4.5556e+13
2013.957 56642.5 -8.3443e+13  7.4930e+12 -2.6168e+13  9.8886e+12 -1.7977e+14  1.7649e+13 -1.3281e+14  1.8481e+13 -6.2554e+13  8.2852e+12 -1.8046e+14  1.9500e+13 -1.2261e+14  1.2431e+13 -1.6548e+14  9.3015e+12 -9.5329e+14  4.5556e+13
2014.022 56666.0 -9.4268e+13  7.4930e+12 -5.4592e+12  9.8886e+12 -1.5944e+14  1.7649e+13 -9.7975e+13  1.8481e+13 -7.0794e+13  8.2852e+12 -2.2536e+14  1.9500e+13 -1.4374e+14  1.2431e+13 -1.7865e+14  9.3015e+12 -9.7570e+14  4.5556e+13
2014.207 56733.5 -8.7107e+13  7.4930e+12 -1.7482e+13  9.8886e+12 -1.3955e+14  1.7649e+13 -1.1921e+14  1.8481e+13 -5.1383e+13  8.2852e+12 -1.6232e+14  1.9500e+13 -1.3707e+14  1.2431e+13 -1.9335e+14  9.3015e+12 -9.0746e+14  4.5556e+13
2014.287 56763.0 -8.4688e+13  7.4930e+12 -1.8088e+13  9.8886e+12 -1.2110e+14  1.7649e+13 -8.0856e+13  1.8481e+13 -5.2251e+13  8.2852e+12 -1.8034e+14  1.9500e+13 -1.5137e+14  1.2431e+13 -1.9656e+14  9.3015e+12 -8.8525e+14  4.5556e+13
2014.371 56793.5 -8.0177e+13  7.4930e+12 -2.6515e+13  9.8886e+12 -1.3097e+14  1.7649e+13 -6.6867e+13  1.8481e+13 -4.5062e+13  8.2852e+12 -1.7286e+14  1.9500e+13 -1.3654e+14  1.2431e+13 -1.9244e+14  9.3015e+12 -8.5142e+14  4.5556e+13
2014.446 56821.0 -8.1020e+13  7.4930e+12 -2.9009e+13  9.8886e+12 -1.3428e+14  1.7649e+13 -7.8404e+13  1.8481e+13 -5.8914e+13  8.2852e+12 -1.9622e+14  1.9500e+13 -1.4396e+14  1.2431e+13 -1.9508e+14  9.3015e+12 -9.1689e+14  4.5556e+13
2014.623 56885.5 -1.2299e+14  7.4930e+12 -1.9541e+13  9.8886e+12 -1.9208e+14  1.7649e+13 -1.0805e+14  1.8481e+13 -8.8375e+13  8.2852e+12 -2.7798e+14  1.9500e+13 -1.9330e+14  1.2431e+13 -2.3668e+14  9.3015e+12 -1.2390e+15  4.5556e+13
2014.706 56916.0 -1.1154e+14  7.4930e+12 -3.6723e+13  9.8886e+12 -2.1173e+14  1.7649e+13 -1.3295e+14  1.8481e+13 -8.1265e+13  8.2852e+12 -2.4834e+14  1.9500e+13 -1.6904e+14  1.2431e+13 -2.1765e+14  9.3015e+12 -1.2093e+15  4.5556e+13
2014.790 56946.5 -1.1489e+14  7.4930e+12 -2.2543e+13  9.8886e+12 -1.9869e+14  1.7649e+13 -1.2696e+14  1.8481e+13 -9.9410e+13  8.2852e+12 -2.4788e+14  1.9500e+13 -1.7606e+14  1.2431e+13 -2.2291e+14  9.3015e+12 -1.2093e+15  4.5556e+13
2014.873 56977.0 -1.1629e+14  7.4930e+12 -2.0000e+13  9.8886e+12 -1.9502e+14  1.7649e+13 -1.4284e+14  1.8481e+13 -9.1406e+13  8.2852e+12 -2.4115e+14  1.9500e+13 -1.6316e+14  1.2431e+13 -2.3317e+14  9.3015e+12 -1.2030e+15  4.5556e+13
2015.059 57044.5 -1.0642e+14  7.4930e+12  6.4523e+12  9.8886e+12 -1.4409e+14  1.7649e+13 -6.5141e+13  1.8481e+13 -1.0511e+14  8.2852e+12 -3.0486e+14  1.9500e+13 -2.0423e+14  1.2431e+13 -2.3879e+14  9.3015e+12 -1.1622e+15  4.5556e+13
2015.123 57068.0 -1.1247e+14  7.4930e+12  5.1136e+12  9.8886e+12 -1.4434e+14  1.7649e+13 -1.1310e+14  1.8481e+13 -9.5232e+13  8.2852e+12 -2.2688e+14  1.9500e+13 -1.6373e+14  1.2431e+13 -2.4765e+14  9.3015e+12 -1.0983e+15  4.5556e+13
2015.204 57097.5 -1.0654e+14  7.4930e+12  1.0711e+13  9.8886e+12 -1.3973e+14  1.7649e+13 -1.1095e+14  1.8481e+13 -7.3051e+13  8.2852e+12 -2.2746e+14  1.9500e+13 -1.7444e+14  1.2431e+13 -2.5567e+14  9.3015e+12 -1.0771e+15  4.5556e+13
2015.287 57128.0 -1.0688e+14  7.4930e+12 -2.0558e+12  9.8886e+12 -1.2528e+14  1.7649e+13 -1.1164e+14  1.8481e+13 -8.3194e+13  8.2852e+12 -2.3170e+14  1.9500e+13 -1.8382e+14  1.2431e+13 -2.5577e+14  9.3015e+12 -1.1003e+15  4.5556e+13
2015.318 57139.0 -1.0901e+14  7.4930e+12  2.8340e+12  9.8886e+12 -1.2821e+14  1.7649e+13 -1.0618e+14  1.8481e+13 -8.9078e+13  8.2852e+12 -2.4338e+14  1.9500e+13 -1.9164e+14  1.2431e+13 -2.6503e+14  9.3015e+12 -1.1297e+15  4.5556e+13
2015.535 57218.5 -1.3715e+14  7.4930e+12 -2.3960e+13  9.8886e+12 -1.6752e+14  1.7649e+13 -1.2896e+14  1.8481e+13 -9.4542e+13  8.2852e+12 -2.4124e+14  1.9500e+13 -2.0722e+14  1.2431e+13 -2.8655e+14  9.3015e+12 -1.2871e+15  4.5556e+13
2015.623 57250.5 -1.5354e+14  7.4930e+12 -3.3194e+13  9.8886e+12 -1.8488e+14  1.7649e+13 -1.4427e+14  1.8481e+13 -9.9626e+13  8.2852e+12 -2.4848e+14  1.9500e+13 -2.1992e+14  1.2431e+13 -2.9946e+14  9.3015e+12 -1.3834e+15  4.5556e+13
2015.702 57279.5 -1.7027e+14  7.4930e+12 -2.3766e+13  9.8886e+12 -1.8886e+14  1.7649e+13 -1.5340e+14  1.8481e+13 -1.0388e+14  8.2852e+12 -2.6881e+14  1.9500e+13 -2.2132e+14  1.2431e+13 -3.1794e+14  9.3015e+12 -1.4482e+15  4.5556e+13
2015.975 57379.0 -1.5913e+14  7.4930e+12 -1.9197e+13  9.8886e+12 -1.6976e+14  1.7649e+13 -1.2673e+14  1.8481e+13 -1.0668e+14  8.2852e+12 -2.5382e+14  1.9500e+13 -1.9803e+14  1.2431e+13 -3.2369e+14  9.3015e+12 -1.3570e+15  4.5556e+13
2016.042 57403.5 -1.5928e+14  7.4930e+12  1.5179e+12  9.8886e+12 -1.0829e+14  1.7649e+13 -1.4551e+14  1.8481e+13 -9.6630e+13  8.2852e+12 -2.2761e+14  1.9500e+13 -2.1242e+14  1.2431e+13 -3.2514e+14  9.3015e+12 -1.2734e+15  4.5556e+13
2016.120 57432.0 -1.6494e+14  7.4930e+12 -1.6829e+13  9.8886e+12 -1.3984e+14  1.7649e+13 -1.4529e+14  1.8481e+13 -9.2202e+13  8.2852e+12 -2.3707e+14  1.9500e+13 -2.3112e+14  1.2431e+13 -3.2657e+14  9.3015e+12 -1.3539e+15  4.5556e+13
2016.207 57463.5 -1.5956e+14  7.4930e+12 -1.4278e+13  9.8886e+12 -1.6909e+14  1.7649e+13 -1.3853e+14  1.8481e+13 -7.5658e+13  8.2852e+12 -2.3169e+14  1.9500e+13 -2.1381e+14  1.2431e+13 -3.3065e+14  9.3015e+12 -1.3333e+15  4.5556e+13
2016.383 57528.0 -1.4891e+14  7.4930e+12 -3.1310e+13  9.8886e+12 -1.2548e+14  1.7649e+13 -1.2924e+14  1.8481e+13 -6.9849e+13  8.2852e+12 -2.3639e+14  1.9500e+13 -2.0082e+14  1.2431e+13 -3.1281e+14  9.3015e+12 -1.2548e+15  4.5556e+13
2016.457 57555.0 -1.4565e+14  7.4930e+12 -3.7224e+13  9.8886e+12 -1.6262e+14  1.7649e+13 -1.2799e+14  1.8481e+13 -7.3245e+13  8.2852e+12 -2.2179e+14  1.9500e+13 -1.8658e+14  1.2431e+13 -3.0849e+14  9.3015e+12 -1.2636e+15  4.5556e+13
2016.538 57584.5 -1.6850e+14  7.4930e+12 -4.7185e+13  9.8886e+12 -1.9634e+14  1.7649e+13 -1.3866e+14  1.8481e+13 -9.1774e+13  8.2852e+12 -2.5895e+14  1.9500e+13 -2.1184e+14  1.2431e+13 -3.2723e+14  9.3015e+12 -1.4405e+15  4.5556e+13
2016.639 57621.5 -1.8639e+14  7.4930e+12 -4.5265e+13  9.8886e+12 -2.7769e+14  1.7649e+13 -1.5608e+14  1.8481e+13 -1.2089e+14  8.2852e+12 -3.4572e+14  1.9500e+13 -2.4913e+14  1.2431e+13 -3.5140e+14  9.3015e+12 -1.7326e+15  4.5556e+13
2016.908 57719.5 -1.6885e+14  7.4930e+12 -3.7561e+13  9.8886e+12 -1.9144e+14  1.7649e+13 -1.4095e+14  1.8481e+13 -1.1083e+14  8.2852e+12 -3.1725e+14  1.9500e+13 -2.2065e+14  1.2431e+13 -3.4976e+14  9.3015e+12 -1.5373e+15  4.5556e+13
2016.982 57746.5 -2.0383e+14  7.4930e+12 -2.6760e+13  9.8886e+12 -1.8870e+14  1.7649e+13 -1.2383e+14  1.8481e+13 -1.3775e+14  8.2852e+12 -3.4452e+14  1.9500e+13 -2.3938e+14  1.2431e+13 -3.8175e+14  9.3015e+12 -1.6465e+15  4.5556e+13
2017.055 57774.0 -1.7697e+14  7.4930e+12 -1.1452e+13  9.8886e+12 -1.2173e+14  1.7649e+13 -1.8420e+14  1.8481e+13 -1.1212e+14  8.2852e+12 -2.8163e+14  1.9500e+13 -2.5243e+14  1.2431e+13 -3.7133e+14  9.3015e+12 -1.5119e+15  4.5556e+13
2017.245 57843.5 -1.6038e+14  7.4930e+12 -1.3141e+13  9.8886e+12 -1.6274e+14  1.7649e+13 -1.7615e+14  1.8481e+13 -1.0458e+14  8.2852e+12 -2.8460e+14  1.9500e+13 -2.6758e+14  1.2431e+13 -3.8920e+14  9.3015e+12 -1.5584e+15  4.5556e+13
2017.311 57867.5 -1.7648e+14  7.4930e+12 -1.9282e+13  9.8886e+12 -1.3197e+14  1.7649e+13 -1.2987e+14  1.8481e+13 -9.9452e+13  8.2852e+12 -2.9790e+14  1.9500e+13 -2.5703e+14  1.2431e+13 -3.8039e+14  9.3015e+12 -1.4924e+15  4.5556e+13
2017.361 57886.0 -1.8255e+14  7.4930e+12 -2.9473e+13  9.8886e+12 -1.3186e+14  1.7649e+13 -1.5819e+14  1.8481e+13 -9.7460e+13  8.2852e+12 -2.7253e+14  1.9500e+13 -2.4748e+14  1.2431e+13 -3.8186e+14  9.3015e+12 -1.5014e+15  4.5556e+13
2017.439 57914.5 -1.7295e+14  7.4930e+12 -3.7278e+13  9.8886e+12 -1.3924e+14  1.7649e+13 -1.7905e+14  1.8481e+13 -1.0920e+14  8.2852e+12 -2.8735e+14  1.9500e+13 -2.5373e+14  1.2431e+13 -3.8003e+14  9.3015e+12 -1.5588e+15  4.5556e+13
2018.455 58285.0 -1.9142e+14  7.4930e+12 -2.8147e+13  9.8886e+12 -1.4147e+14  1.7649e+13 -1.8008e+14  1.8481e+13 -1.3503e+14  8.2852e+12 -2.8927e+14  1.9500e+13 -2.5075e+14  1.2431e+13 -4.2264e+14  9.3015e+12 -1.6388e+15  4.5556e+13
2018.520 58309.0 -1.8787e+14  7.4930e+12  1.1793e+13  9.8886e+12 -1.1430e+14  1.7649e+13 -1.8337e+14  1.8481e+13 -1.2690e+14  8.2852e+12 -3.1732e+14  1.9500e+13 -2.9609e+14  1.2431e+13 -4.3991e+14  9.3015e+12 -1.6540e+15  4.5556e+13
2018.831 58422.5 -1.8627e+14  7.4930e+12  1.1179e+13  9.8886e+12 -1.7799e+14  1.7649e+13 -2.1359e+14  1.8481e+13 -1.7758e+14  8.2852e+12 -3.1608e+14  1.9500e+13 -2.9198e+14  1.2431e+13 -4.3271e+14  9.3015e+12 -1.7850e+15  4.5556e+13
2018.873 58438.0 -2.0527e+14  7.4930e+12  1.2690e+13  9.8886e+12 -1.8570e+14  1.7649e+13 -2.1053e+14  1.8481e+13 -1.7049e+14  8.2852e+12 -3.2177e+14  1.9500e+13 -2.8202e+14  1.2431e+13 -4.4428e+14  9.3015e+12 -1.8074e+15  4.5556e+13
2018.957 58468.5 -1.9158e+14  7.4930e+12 -9.4620e+12  9.8886e+12 -2.0362e+14  1.7649e+13 -1.8374e+14  1.8481e+13 -1.3985e+14  8.2852e+12 -3.2084e+14  1.9500e+13 -2.7382e+14  1.2431e+13 -4.3105e+14  9.3015e+12 -1.7540e+15  4.5556e+13
2019.042 58499.5 -2.0334e+14  7.4930e+12  6.3080e+12  9.8886e+12 -1.6068e+14  1.7649e+13 -1.6011e+14  1.8481e+13 -1.5844e+14  8.2852e+12 -3.3585e+14  1.9500e+13 -2.9633e+14  1.2431e+13 -4.4065e+14  9.3015e+12 -1.7491e+15  4.5556e+13
2019.123 58529.0 -1.9585e+14  7.4930e+12 -1.5542e+13  9.8886e+12 -1.6555e+14  1.7649e+13 -1.7490e+14  1.8481e+13 -1.4969e+14  8.2852e+12 -3.0742e+14  1.9500e+13 -2.7616e+14  1.2431e+13 -4.4880e+14  9.3015e+12 -1.7339e+15  4.5556e+13
2019.204 58558.5 -2.0145e+14  7.4930e+12 -1.6602e+13  9.8886e+12 -1.5760e+14  1.7649e+13 -1.9374e+14  1.8481e+13 -1.3371e+14  8.2852e+12 -3.0291e+14  1.9500e+13 -2.9254e+14  1.2431e+13 -4.5830e+14  9.3015e+12 -1.7569e+15  4.5556e+13
2019.287 58589.0 -2.1951e+14  7.4930e+12 -2.1442e+13  9.8886e+12 -1.6969e+14  1.7649e+13 -1.6743e+14  1.8481e+13 -1.4178e+14  8.2852e+12 -3.0275e+14  1.9500e+13 -2.8169e+14  1.2431e+13 -4.6937e+14  9.3015e+12 -1.7737e+15  4.5556e+13
2019.371 58619.5 -2.1710e+14  7.4930e+12 -2.9494e+13  9.8886e+12 -1.7298e+14  1.7649e+13 -1.2093e+14  1.8481e+13 -1.2849e+14  8.2852e+12 -3.6132e+14  1.9500e+13 -3.0065e+14  1.2431e+13 -4.7272e+14  9.3015e+12 -1.8037e+15  4.5556e+13
2019.455 58650.0 -2.0705e+14  7.4930e+12 -2.7571e+13  9.8886e+12 -1.6013e+14  1.7649e+13 -1.7941e+14  1.8481e+13 -1.1999e+14  8.2852e+12 -3.1851e+14  1.9500e+13 -3.0597e+14  1.2431e+13 -4.7064e+14  9.3015e+12 -1.7893e+15  4.5556e+13
2019.538 58680.5 -2.3536e+14  7.4930e+12 -4.3469e+13  9.8886e+12 -2.3429e+14  1.7649e+13 -1.8696e+14  1.8481e+13 -1.2739e+14  8.2852e+12 -3.4332e+14  1.9500e+13 -3.0816e+14  1.2431e+13 -4.9288e+14  9.3015e+12 -1.9718e+15  4.5556e+13
2019.623 58711.5 -2.6224e+14  7.4930e+12 -4.0538e+13  9.8886e+12 -2.3978e+14  1.7649e+13 -2.3127e+14  1.8481e+13 -1.5610e+14  8.2852e+12 -3.7991e+14  1.9500e+13 -3.6070e+14  1.2431e+13 -5.0708e+14  9.3015e+12 -2.1776e+15  4.5556e+13
2019.706 58742.0 -2.7397e+14  7.4930e+12 -4.1173e+13  9.8886e+12 -2.8189e+14  1.7649e+13 -2.4917e+14  1.8481e+13 -1.6608e+14  8.2852e+12 -3.9317e+14  1.9500e+13 -3.4235e+14  1.2431e+13 -5.4298e+14  9.3015e+12 -2.2908e+15  4.5556e+13
2019.790 58772.5 -2.6816e+14  7.4930e+12 -3.5053e+13  9.8886e+12 -3.0013e+14  1.7649e+13 -1.9676e+14  1.8481e+13 -1.8150e+14  8.2852e+12 -4.6179e+14  1.9500e+13 -3.5399e+14  1.2431e+13 -5.4136e+14  9.3015e+12 -2.3388e+15  4.5556e+13
2019.873 58803.0 -2.5650e+14  7.4930e+12 -4.8061e+13  9.8886e+12 -2.8681e+14  1.7649e+13 -1.8148e+14  1.8481e+13 -1.8962e+14  8.2852e+12 -4.6049e+14  1.9500e+13 -3.6160e+14  1.2431e+13 -5.1604e+14  9.3015e+12 -2.3006e+15  4.5556e+13
2019.957 58833.5 -2.4816e+14  7.4930e+12 -4.9717e+13  9.8886e+12 -2.5912e+14  1.7649e+13 -2.3112e+14  1.8481e+13 -1.5117e+14  8.2852e+12 -3.9043e+14  1.9500e+13 -3.4207e+14  1.2431e+13 -5.0987e+14  9.3015e+12 -2.1816e+15  4.5556e+13
2020.042 58864.5 -2.4929e+14  7.4930e+12 -3.7415e+13  9.8886e+12 -2.6409e+14  1.7649e+13 -2.3869e+14  1.8481e+13 -1.5457e+14  8.2852e+12 -3.9448e+14  1.9500e+13 -3.5380e+14  1.2431e+13 -5.1822e+14  9.3015e+12 -2.2106e+15  4.5556e+13
2020.125 58894.5 -2.5848e+14  7.4930e+12 -1.6760e+13  9.8886e+12 -2.7488e+14  1.7649e+13 -2.5021e+14  1.8481e+13 -1.6619e+14  8.2852e+12 -3.7701e+14  1.9500e+13 -3.5121e+14  1.2431e+13 -5.3403e+14  9.3015e+12 -2.2288e+15  4.5556e+13
2020.207 58924.5 -2.6785e+14  7.4930e+12 -1.9279e+13  9.8886e+12 -2.8985e+14  1.7649e+13 -2.1830e+14  1.8481e+13 -1.6896e+14  8.2852e+12 -4.2995e+14  1.9500e+13 -3.6045e+14  1.2431e+13 -5.5850e+14  9.3015e+12 -2.3131e+15  4.5556e+13
2020.290 58955.0 -2.6737e+14  7.4930e+12 -2.8618e+13  9.8886e+12 -2.9562e+14  1.7649e+13 -2.1944e+14  1.8481e+13 -1.4921e+14  8.2852e+12 -4.2263e+14  1.9500e+13 -3.5313e+14  1.2431e+13 -5.5435e+14  9.3015e+12 -2.2904e+15  4.5556e+13
2020.374 58985.5 -2.5241e+14  7.4930e+12 -2.3566e+13  9.8886e+12 -2.8742e+14  1.7649e+13 -1.6340e+14  1.8481e+13 -1.4784e+14  8.2852e+12 -4.3571e+14  1.9500e+13 -3.4138e+14  1.2431e+13 -5.4218e+14  9.3015e+12 -2.1939e+15  4.5556e+13
2020.457 59016.0 -2.5114e+14  7.4930e+12 -4.9273e+13  9.8886e+12 -2.5775e+14  1.7649e+13 -2.3488e+14  1.8481e+13 -1.4939e+14  8.2852e+12 -3.7895e+14  1.9500e+13 -3.4373e+14  1.2431e+13 -5.2970e+14  9.3015e+12 -2.1948e+15  4.5556e+13
2020.541 59046.5 -2.9611e+14  7.4930e+12 -5.8765e+13  9.8886e+12 -2.7670e+14  1.7649e+13 -2.5467e+14  1.8481e+13 -1.5337e+14  8.2852e+12 -3.9992e+14  1.9500e+13 -3.6711e+14  1.2431e+13 -5.6515e+14  9.3015e+12 -2.3718e+15  4.5556e+13
2020.626 59077.5 -3.2907e+14  7.4930e+12 -2.9701e+13  9.8886e+12 -3.4309e+14  1.7649e+13 -2.1791e+14  1.8481e+13 -1.9803e+14  8.2852e+12 -4.7238e+14  1.9500e+13 -3.6735e+14  1.2431e+13 -6.0267e+14  9.3015e+12 -2.5602e+15  4.5556e+13
2020.709 59108.0 -3.0555e+14  7.4930e+12 -2.2206e+13  9.8886e+12 -3.2869e+14  1.7649e+13 -2.7105e+14  1.8481e+13 -1.9084e+14  8.2852e+12 -4.4216e+14  1.9500e+13 -3.7583e+14  1.2431e+13 -5.9375e+14  9.3015e+12 -2.5301e+15  4.5556e+13
2020.793 59138.5 -2.8690e+14  7.4930e+12 -3.2392e+13  9.8886e+12 -2.6323e+14  1.7649e+13 -2.7607e+14  1.8481e+13 -1.7962e+14  8.2852e+12 -4.2425e+14  1.9500e+13 -3.7605e+14  1.2431e+13 -5.7337e+14  9.3015e+12 -2.4119e+15  4.5556e+13
2020.876 59169.0 -2.8532e+14  7.4930e+12 -3.2862e+13  9.8886e+12 -2.5165e+14  1.7649e+13 -2.9128e+14  1.8481e+13 -1.7169e+14  8.2852e+12 -3.7303e+14  1.9500e+13 -3.5156e+14  1.2431e+13 -5.7167e+14  9.3015e+12 -2.3291e+15  4.5556e+13
2020.960 59199.5 -2.9614e+14  7.4930e+12 -4.3370e+13  9.8886e+12 -2.5161e+14  1.7649e+13 -2.8832e+14  1.8481e+13 -1.7999e+14  8.2852e+12 -3.7815e+14  1.9500e+13 -3.5175e+14  1.2431e+13 -5.7417e+14  9.3015e+12 -2.3635e+15  4.5556e+13
2021.042 59230.5 -2.9560e+14  7.4930e+12 -2.7793e+13  9.8886e+12 -2.8013e+14  1.7649e+13 -2.5966e+14  1.8481e+13 -1.7708e+14  8.2852e+12 -4.0260e+14  1.9500e+13 -3.5421e+14  1.2431e+13 -5.7531e+14  9.3015e+12 -2.3724e+15  4.5556e+13
2021.123 59260.0 -2.9906e+14  7.4930e+12 -4.1263e+13  9.8886e+12 -3.0368e+14  1.7649e+13 -2.7014e+14  1.8481e+13 -1.7166e+14  8.2852e+12 -4.0260e+14  1.9500e+13 -3.5226e+14  1.2431e+13 -5.8184e+14  9.3015e+12 -2.4225e+15  4.5556e+13
2021.204 59289.5 -2.8922e+14  7.4930e+12 -5.6336e+12  9.8886e+12 -2.3135e+14  1.7649e+13 -2.7401e+14  1.8481e+13 -1.6987e+14  8.2852e+12 -4.1110e+14  1.9500e+13 -3.7820e+14  1.2431e+13 -6.1569e+14  9.3015e+12 -2.3751e+15  4.5556e+13
2021.287 59320.0 -2.8840e+14  7.4930e+12 -3.4340e+13  9.8886e+12 -2.5843e+14  1.7649e+13 -2.6085e+14  1.8481e+13 -1.5287e+14  8.2852e+12 -3.7623e+14  1.9500e+13 -3.6125e+14  1.2431e+13 -5.8374e+14  9.3015e+12 -2.3161e+15  4.5556e+13
2021.371 59350.5 -3.0160e+14  7.4930e+12 -3.3846e+13  9.8886e+12 -2.6674e+14  1.7649e+13 -2.1046e+14  1.8481e+13 -1.8219e+14  8.2852e+12 -4.2396e+14  1.9500e+13 -3.6066e+14  1.2431e+13 -5.9277e+14  9.3015e+12 -2.3722e+15  4.5556e+13
2021.455 59381.0 -3.1117e+14  7.4930e+12 -3.4434e+13  9.8886e+12 -2.9885e+14  1.7649e+13 -2.2574e+14  1.8481e+13 -1.7758e+14  8.2852e+12 -4.1230e+14  1.9500e+13 -3.6290e+14  1.2431e+13 -6.0045e+14  9.3015e+12 -2.4234e+15  4.5556e+13
